00000000000000000010000100111001
00000000000000001111111110010010
11111111001101110000000110001111
00000000110010010000000110001111
11111111000001100000000000010000
00000011100110001111111110000011
11111100011010001111111110000011
00000000111110100000000000010000
00000000001111011111111111100100
00000001000011111111111101110110
11111110101000000000000100100100
00000000110101111111111100000111
11111111001010011111111100000111
00000001011000000000000100100100
11111110111100011111111101110110
11111111110000111111111111100100
00000000110000001111111001110011
11111111011111000000000100001001
00000000100000010000000011100000
00000001011000100000000011000000
00000001011111110000000001000110
11111110010011010000000100101000
11111110011010011111111111101100
11111110101010110000000011100111
00000001010101010000000011100111
00000001100101111111111111101100
00000001101100110000000100101000
11111110100000010000000001000110
11111110100111100000000011000000
11111111011111110000000011100000
00000000100001000000000100001001
11111111010000001111111001110011
11111110011111110000000100111101
11111101011001001111111100010100
00000000110101110000001001110011
00000001000110010000000100011010
11111101010101010000000101011000
00000000011010000000000010110001
00000001011101011111111101010011
00000000010111010000000110001000
00000001000101110000000010100011
11111111110101011111111010101000
00000000011100101111111100011101
00000001111100110000000100111011
00000000100100101111111110011000
11111111101100101111111101101010
00000000010100001111111110010101
00000000000011000000000111100100
11111111111101000000000111100100
11111111101100001111111110010101
00000000010011101111111101101010
11111111011011101111111110011000
11111110000011010000000100111011
11111111100011101111111100011101
00000000001010111111111010101000
11111110111010010000000010100011
11111111101000110000000110001000
11111110100010111111111101010011
11111111100110000000000010110001
00000010101010110000000101011000
11111110111001110000000100011010
11111111001010010000001001110011
00000010100111001111111100010100
00000001100000010000000100111101
11111110110101010000000100000111
11111101111100001111110001101000
11111111011001010000001100111111
00000000101010101111111110001101
11111111001010011111110010100010
00000001000100010000000010001001
11111110011111001111111100010001
00000000011011101111111101111100
00000001001111101111111110000000
00000000111110100000000101011000
00000000001000000000000010000001
00000001000001101111111010000100
11111111100100001111111110001110
11111111001011100000000000100011
00000000101100000000001000110010
00000000011100111111111101011111
00000000011000011111111110001000
11111111001001111111111110100010
11111111011110110000000100011001
11111101101011111111111110000101
11111111111100000000000010101111
11111111111000100000000001110001
00000010000011101111111111000100
00000001010110010000000101011101
00000001001001011111111100001010
00000000011010110000000000010100
11111111100010010000000001101101
00000000111000011111111110101000
00000001101110010000000010011111
00000001001001110000000011110111
11111111111001001111111100001111
00000000110010111111111111010101
11111111001101011111111111010101
00000000000111001111111100001111
11111110110110010000000011110111
11111110010001110000000010011111
11111111000111111111111110101000
00000000011101110000000001101101
11111111100101010000000000010100
11111110110110111111111100001010
11111110101001110000000101011101
11111101111100101111111111000100
00000000000111100000000001110001
00000000000100000000000010101111
00000010010100011111111110000101
00000000100001010000000100011001
00000000110110011111111110100010
11111111100111111111111110001000
11111111100011011111111101011111
11111111010100000000001000110010
00000000110100100000000000100011
00000000011100001111111110001110
11111110111110101111111010000100
11111111111000000000000010000001
11111111000001100000000101011000
11111110110000101111111110000000
11111111100100101111111101111100
00000001100001001111111100010001
11111110111011110000000010001001
00000000110101111111110010100010
11111111010101101111111110001101
00000000100110110000001100111111
00000010000100001111110001101000
00000001001010110000000100000111
