00000000000000000010001100000100
00000000000000000000001001000110
00000010001101100000001000111111
11111101110010100000001000111111
11111101011000010000000010100111
00000100110110001111111101111100
11111011001010001111111101111100
00000010100111110000000010100111
00000000010101001111111100010101
00000001001110011111111001001110
11111110100000100000000101110011
11111111100110001111110111101010
00000000011010001111110111101010
00000001011111100000000101110011
11111110110001111111111001001110
11111111101011001111111100010101
00000000000101101111110110111100
00000001101000110000000101111000
00000000010010000000000001010000
11111111101010100000000100011110
00000010110111001111111110100001
11111110101010100000000111001101
11111110010101111111110111011000
00000000011010011111111111001000
11111111100101111111111111001000
00000001101010011111110111011000
00000001010101100000000111001101
11111101001001001111111110100001
00000000010101100000000100011110
11111111101110000000000001010000
11111110010111010000000101111000
11111111111010101111110110111100
11111101011010100000000101001101
00000000000101111111111001001011
00000000000001100000001011110111
00000000010110000000001100100111
11111111100100100000000101100000
00000000110111100000000100111100
00000001110000111111110111011101
00000000111000010000001010100011
00000001111100000000001000011111
11111110111100111111111111011111
00000000001001011111111101011110
00000010100011110000000101010100
00000001101001001111110101010101
00000000100010111111111001011111
11111101011110111111111100111010
00000000011001100000001000101011
11111111100110100000001000101011
00000010100001011111111100111010
11111111011101011111111001011111
11111110010111001111110101010101
11111101011100010000000101010100
11111111110110111111111101011110
00000001000011011111111111011111
11111110000100000000001000011111
11111111000111110000001010100011
11111110001111011111110111011101
11111111001000100000000100111100
00000000011011100000000101100000
11111111101010000000001100100111
11111111111110100000001011110111
11111111111010011111111001001011
00000010100101100000000101001101
