00000000000000000010101101110111
00000000000000000011010011000011
00000000000000000000101100011001
00000000000000000010011010001010
00000000000000000011001110001101
00000000000000000010001000000001
00000000000000000010101010100101
00000000000000000010100101110011
00000000000000000001111110100001
00000000000000000001101100010001
00000000000000000001011111010110
00000000000000000001010111010101
00000000000000000010000101100011
00000000000000000010100011010000
00000000000000000000101000000011
00000000000000000011010111100010
00000000000000000000011001010001
00000000000000000011010001010110
00000000000000000010101000001010
00000000000000000001010010100011
00000000000000000011111010100011
00000000000000000000100111010110
00000000000000000000001000010110
00000000000000000010011011011110
00000000000000000000000111110100
00000000000000000000010001100111
00000000000000000001000100111001
00000000000000000000110000010011
00000000000000000011111001000101
00000000000000000001000001001110
00000000000000000010010110111010
00000000000000000001010001011011
00000000000000000000001001101010
00000000000000000010010101100001
00000000000000000000001111011111
00000000000000000001110110011001
00000000000000000011100010111101
00000000000000000011000111011000
00000000000000000000101101100111
00000000000000000000110101011111
00000000000000000011100100000101
00000000000000000010110010001010
00000000000000000011110011101000
00000000000000000000111110001011
00000000000000000010111000111100
00000000000000000001001010000000
00000000000000000000110000111000
00000000000000000010010101000100
00000000000000000000100010111101
00000000000000000001101100110111
00000000000000000000000011111110
00000000000000000000101101000010
00000000000000000000001111010001
00000000000000000001110101000110
00000000000000000000110000110000
00000000000000000011000101001100
00000000000000000011100111100111
00000000000000000001101000010110
00000000000000000001101010111100
00000000000000000010101110111100
00000000000000000001101110101100
00000000000000000001011000001100
00000000000000000001000000011110
00000000000000000001111010110000
00000000000000000001011110000100
00000000000000000010111010111100
00000000000000000011010100110101
00000000000000000011101010100000
00000000000000000000101110110101
00000000000000000000011011000011
00000000000000000010110010101110
00000000000000000010100010110001
00000000000000000010110111000011
00000000000000000010011001001110
00000000000000000001111101010111
00000000000000000000110001000110
00000000000000000011010001011101
00000000000000000000111101101000
00000000000000000010100101000100
00000000000000000001000001101010
00000000000000000001010101110110
00000000000000000010011000001010
00000000000000000001001010110000
00000000000000000001111000101011
00000000000000000010000000001000
00000000000000000001110000101010
00000000000000000011100001110001
00000000000000000001110101011100
00000000000000000010000000000000
00000000000000000010000111111010
00000000000000000010001100010000
00000000000000000000010111010101
00000000000000000011001100111001
00000000000000000010101010111110
00000000000000000001100010011110
00000000000000000011110000100110
00000000000000000011101001110011
00000000000000000011101000000001
00000000000000000010000110111000
00000000000000000001110110000000
00000000000000000001111101011011
00000000000000000000010111010000
00000000000000000011111111110001
00000000000000000000111100011110
00000000000000000010110010111000
00000000000000000010100011011110
00000000000000000000001101011111
00000000000000000001000100111000
00000000000000000010101000110111
00000000000000000010110001111101
00000000000000000001111011011001
00000000000000000011011110101101
00000000000000000000011011010101
00000000000000000000101001010110
00000000000000000000101010110011
00000000000000000001111001001110
00000000000000000000001010110111
00000000000000000010000100101000
00000000000000000001110101111101
00000000000000000010101001011110
00000000000000000010011110001000
00000000000000000010110111111010
00000000000000000001001101001011
00000000000000000001101100111111
00000000000000000000010101011000
00000000000000000010101100111001
00000000000000000010011101111110
00000000000000000010001011011101
00000000000000000001100101010000
00000000000000000011111011100100
00000000000000000001100100000101
00000000000000000001100011000001
00000000000000000010010011101001
00000000000000000001010011001111
00000000000000000010001010000001
00000000000000000010101101110101
00000000000000000011000111011100
00000000000000000000011000001000
00000000000000000000110010101110
00000000000000000010011011011111
00000000000000000000011000110001
00000000000000000011110101001011
00000000000000000011011011000001
00000000000000000011010101001111
00000000000000000001000011000010
00000000000000000001000010110000
00000000000000000010100000110001
00000000000000000011001000111001
00000000000000000010110110011101
00000000000000000001000111111100
00000000000000000010001111101011
00000000000000000001110011001111
00000000000000000010111110011111
00000000000000000001010001110100
00000000000000000001101100010000
00000000000000000001001001100110
00000000000000000010100110001001
00000000000000000000111001010111
00000000000000000000111001111010
00000000000000000000011110100001
00000000000000000011100010100111
00000000000000000000011011100110
00000000000000000001100110001101
00000000000000000001101100101001
00000000000000000000000111010110
00000000000000000001101100011010
00000000000000000000100000110001
00000000000000000010110101100101
00000000000000000001010101100011
00000000000000000010110011001011
00000000000000000011101011100111
00000000000000000011101010110111
00000000000000000000100110010111
00000000000000000010101011111111
00000000000000000001101101101000
00000000000000000010001010011011
00000000000000000010111000101001
00000000000000000001010000000100
00000000000000000011111011111011
00000000000000000010111000110001
00000000000000000010101110100101
00000000000000000011100000000110
00000000000000000001011110011100
00000000000000000001011001101010
00000000000000000010011100001000
00000000000000000011010001111011
00000000000000000011111011101010
00000000000000000010001011111011
00000000000000000011010011010010
00000000000000000011000111110100
00000000000000000001001010010111
00000000000000000010100011101011
00000000000000000011111100111011
00000000000000000001011000000010
00000000000000000011001101101010
00000000000000000000000000010011
00000000000000000000111101011011
00000000000000000010011100011010
00000000000000000010101010101000
00000000000000000011110001111110
00000000000000000011100111010111
00000000000000000001111000100100
00000000000000000001010110111010
00000000000000000010111101000010
00000000000000000011010001010011
00000000000000000010101101000110
00000000000000000001100000010101
00000000000000000010011101000011
00000000000000000010101110000001
00000000000000000000000101110001
00000000000000000001101110100000
00000000000000000000001001001010
00000000000000000001111000100110
00000000000000000010000110111101
00000000000000000010101011010100
00000000000000000010101001011101
00000000000000000001111010110111
00000000000000000010100111100010
00000000000000000011110001010110
00000000000000000010010011100001
00000000000000000001110100001011
00000000000000000011011000001011
00000000000000000010010101010000
00000000000000000010100101010001
00000000000000000011001011110101
00000000000000000011100001001100
00000000000000000001101010101101
00000000000000000011000101001010
00000000000000000000101010111111
00000000000000000001000100001110
00000000000000000000101011110100
00000000000000000000011110100100
00000000000000000000110010101001
00000000000000000000001000100111
00000000000000000010111100111001
00000000000000000011000011111110
00000000000000000010000100110001
00000000000000000000010001011010
00000000000000000000011110111000
00000000000000000001000011110010
00000000000000000010100111010111
00000000000000000000101101110001
00000000000000000000011011001100
00000000000000000000100111000110
00000000000000000000010010010011
00000000000000000011110001100100
00000000000000000011111011010011
00000000000000000001101010100010
00000000000000000011011100000001
00000000000000000011110111111110
00000000000000000010110011011111
00000000000000000010100100111111
00000000000000000000100010000110
00000000000000000000000001101110
00000000000000000001000011111010
00000000000000000010100101101110