00000000000000000001111110110110
00000000000000001111111111111110
11111111010101011111111111111011
00000000101010111111111111111011
11111111101000111111111111100011
00000001000101100000000010101100
11111110111010100000000010101100
00000000010111011111111111100011
00000000000111010000000010001011
11111111100010101111111100001101
11111111100101110000000100100100
00000000101100010000000000001100
11111111010011110000000000001100
00000000011010010000000100100100
00000000011101101111111100001101
11111111111000110000000010001011
00000000100100000000000001101100
00000000000010000000000001000111
00000000011101010000000000100110
00000000000000011111111111101111
11111111010001010000000010000000
11111111111101110000000010001010
11111111010100100000000001011011
11111110100001010000000001111010
00000001011110110000000001111010
00000000101011100000000001011011
00000000000010010000000010001010
00000000101110110000000010000000
11111111111111111111111111101111
11111111100010110000000000100110
11111111111110000000000001000111
11111111011100000000000001101100
11111111110100010000000010010010
00000000000010100000000001100010
00000000010110111111111110010001
11111111111101101111111111100111
11111111010101100000000100001000
11111111101110101111111111101000
00000000011011000000000001001011
00000000100100100000000000000110
00000000000110101111111110010111
11111111111000111111111101111001
11111111011100101111111101010100
00000001010000000000000000000000
00000000010100011111111110111011
11111111101001001111111110100110
11111111001010111111111111010011
00000000110001001111111111010101
11111111001111001111111111010101
00000000110101011111111111010011
00000000010111001111111110100110
11111111101011111111111110111011
11111110110000000000000000000000
00000000100011101111111101010100
00000000000111011111111101111001
11111111111001101111111110010111
11111111011011100000000000000110
11111111100101000000000001001011
00000000010001101111111111101000
00000000101010100000000100001000
00000000000010101111111111100111
11111111101001011111111110010001
11111111111101100000000001100010
00000000001011110000000010010010
11111111110101110000000001001101
11111110110001001111111100100100
11111111100000100000000011110011
11111111011001111111111101101110
11111111100110111111111100111001
00000000011101101111111111110010
11111111100111101111111101001101
00000000010100010000000000001110
00000000011100000000000001010100
00000000111001111111111110111000
11111111111110010000000001000100
00000000001101101111111111010111
00000000010101000000000010011001
11111111000101001111111110110010
00000000000110000000000001101000
00000000011101110000000000000101
11111111111101110000000010000001
11111111111010001111111110110011
11111111001101000000000000001100
11111111101110111111111101000001
11111111100001100000000100000100
00000000110111000000000011111010
11111111111010110000000000001010
00000000111010110000000000011011
00000000100011000000000001010100
00000000011011100000000000101001
00000000011000100000000001100101
11111111111000101111111101111001
00000000111111100000000001110100
00000000000111110000000100000101
11111111111100111111111100010111
00000000001111101111111111101111
11111111110000101111111111101111
00000000000011011111111100010111
11111111111000010000000100000101
11111111000000100000000001110100
00000000000111101111111101111001
11111111100111100000000001100101
11111111100100100000000000101001
11111111011101000000000001010100
11111111000101010000000000011011
00000000000101010000000000001010
11111111001001000000000011111010
00000000011110100000000100000100
00000000010001011111111101000001
00000000110011000000000000001100
00000000000110001111111110110011
00000000000010010000000010000001
11111111100010010000000000000101
11111111111010000000000001101000
00000000111011001111111110110010
11111111101011000000000010011001
11111111110010101111111111010111
00000000000001110000000001000100
11111111000110011111111110111000
11111111100100000000000001010100
11111111101011110000000000001110
00000000011000101111111101001101
11111111100010101111111111110010
00000000011001011111111100111001
00000000100110011111111101101110
00000000011111100000000011110011
00000001001111001111111100100100
00000000001010010000000001001101
11111111100100000000000100010011
00000000000011000000000001110011
00000000011000000000000000101001
11111111011110001111111111010010
11111111110010101111111100110110
00000000011101011111111111111000
11111111101010101111111111001111
00000000000011110000000011011011
00000000001101011111111110111011
00000000010110011111111110101111
11111111100100010000000000011111
00000000011000101111111111011100
00000000110011010000000010001000
11111111111010110000000001000111
00000000001010000000000001101010
00000000111010100000000001001101
00000000010111000000000000110110
00000000101101110000000000101110
11111111101110010000000000000100
11111111010011010000000101100100
00000000000110000000000010010001
11111110110000101111111110011101
00000000011010111111111010001110
11111111110011011111111111110100
11111111110011001111111111111100
00000000111011100000000001101110
00000000010110110000000011100010
11111111110011001111111101101101
00000000001110111111111111010001
00000000011001111111111101101001
11111111000011100000000000001110
00000000001101001111111100100110
11111111110011111111111111110111
00000001111010001111111101111011
00000000000011011111111111000000
11111111101010111111111110011001
00000000010001001111111110010111
11111111011011010000000011011101
00000000001100100000000000001010
11111111010110100000000001010000
11111111111000101111111110000001
00000000001010110000000010001100
11111111101101010000000011001111
11111111100001100000000100010001
00000000110000111111111100101110
00000000001011110000000001101000
00000000010100111111111111000101
11111110101010001111111110101010
00000000001001110000000000011111
00000000100010000000000000100001
11111111111001100000000001001110
00000000010100100000000001011011
00000000001011000000000011000101
00000000001011011111111110111100
00000000010111100000000000111100
00000000010011100000000001000111
11111111110100111111111110001110
11111111010010001111111100100010
11111111100100100000000010100110
11111111000111111111111111100010
11111111111010001111111101111011
11111111000100010000000000000100
11111111001000011111111110111000
00000000110110010000000001111100
11111111001001110000000001111100
00000000110111111111111110111000
00000000111011110000000000000100
00000000000110001111111101111011
00000000111000011111111111100010
00000000011011100000000010100110
00000000101110001111111100100010
00000000001011011111111110001110
11111111101100100000000001000111
11111111101000100000000000111100
11111111110100111111111110111100
11111111110101000000000011000101
11111111101011100000000001011011
00000000000110100000000001001110
11111111011110000000000000100001
11111111110110010000000000011111
00000001010110001111111110101010
11111111101011011111111111000101
11111111110100010000000001101000
11111111001111011111111100101110
00000000011110100000000100010001
00000000010010110000000011001111
11111111110101010000000010001100
00000000000111101111111110000001
00000000101001100000000001010000
11111111110011100000000000001010
00000000100100110000000011011101
11111111101111001111111110010111
00000000010101011111111110011001
11111111111100111111111111000000
11111110000110001111111101111011
00000000001100011111111111110111
11111111110011001111111100100110
00000000111100100000000000001110
11111111100110011111111101101001
11111111110001011111111111010001
00000000001101001111111101101101
11111111101001010000000011100010
11111111000100100000000001101110
00000000001101001111111111111100
00000000001100111111111111110100
11111111100101011111111010001110
00000001001111101111111110011101
11111111111010000000000010010001
00000000101100110000000101100100
00000000010001110000000000000100
11111111010010010000000000101110
11111111101001000000000000110110
11111111000101100000000001001101
11111111110110000000000001101010
00000000000101010000000001000111
11111111001100110000000010001000
11111111100111101111111111011100
00000000011011110000000000011111
11111111101001111111111110101111
11111111110010111111111110111011
11111111111100010000000011011011
00000000010101101111111111001111
11111111100010111111111111111000
00000000001101101111111100110110
00000000100010001111111111010010
11111111101000000000000000101001
11111111111101000000000001110011
00000000011100000000000100010011
00000000001010100000000010001101
11111111100101101111111111010100
11111111011100100000000000000111
11111111001011110000000010001001
11111111011010110000000000110001
00000001000010010000000010110111
11111111101011001111111100110101
11111111110100001111111110011110
00000000101000010000000011000010
00000001000001100000000010111100
11111111101100011111111111110100
00000000001011000000000001010110
00000000010101111111111110000100
00000000100011011111111110111100
11111111000001101111111101000000
00000000001011001111111111110111
00000000010011101111111101010010
11111111111111000000000001011001
11111111100111001111111111000101
11111111111100000000000010011100
00000000001100111111111111111010
11111111101101001111111110011000
00000000001101001111111110010101
00000000011000110000000001001111
11111111101011100000000000001110
11111111000101000000000001000110
00000000001111100000000001110111
11111111100011001111111010111011
00000000011010001111111111000001
00000000000001011111111111101100
00000000101100100000000001010010
00000000100000001111111110000100
11111111101100001111111110101101
11111111111011011111111111011111
11111111000011110000000101001001
00000000010110010000000001101100
11111111111011001111111110011100
00000000110000111111111110000100
00000000111100100000000000000010
00000000000101100000000010010001
11111111111000110000000000011100
11111111101010100000000010011000
00000000001001000000000010011101
00000000110111111111111111100101
11111111110011000000000010011101
00000001000010101111111110101000
00000000010111110000000001101100
00000000010010100000000000101101
11111111101001100000000101110001
11111111111011001111111101000110
11111111110011010000000001010011
11111110111001101111111101001010
11111111001010110000000011100011
00000000001101111111111111101010
00000001011101111111111100000011
11111101101100111111111111111001
00000000100001000000000100100010
00000000001100011111111111000010
11111111100010000000000000101000
00000000111110100000000100000011
11111111001101110000000001011101
00000000001000101111111110010000
00000001010011000000000011100100
11111111001111000000000001001111
00000000010001000000000010001001
00000001010010010000000000110011
11111111110010001111111111100010
00000000001100010000000100100011
00000001000011011111111101000111
00000000001111001111111110111011
11111111001001110000000000100110
00000000100011111111111111000001
00000000100110110000000010100001
11111111011110101111111110100110
11111111011010010000000000001110
00000000100011101111111100110111
00000000110010101111111111101101
00000000001111000000000000100100
11111111101101100000000001001101
00000000011010111111111110010000
00000000010100111111111111110010
00000000011001101111111101100000
11111111011001011111111111101111
11111110111111110000000000010000
00000000011011111111111101001010
11111111000010001111111101010010
00000000011001011111111111110110
11111111110011100000000101010111
00000000101011101111111110111010
11111111111011011111111110111111
11111111110000111111111101011001
00000000001101010000000001011011
00000000110000110000000001111111
00000001001000110000000000101001
11111111101111011111111110000110
00000000011111111111111101100010
11111111101100000000000010010111
00000000001001101111111101000111
00000000010001111111111111000100
11111111110110101111111101011110
00000000001000111111111101111111
00000000011010011111111111111111
00000000010010111111111111001001
00000000010110111111111111111101
11111111011100101111111111111110
11111111101101001111111101110100
00000000001010100000000011000101
00000000001011110000000000101100
00000000011001100000000000001011
00000000000001010000000000000110
00000000010011001111111110110111
00000000000101011111111110010001
00000000100011101111111110001110
11111111010111100000000000001000
11111111111011010000000010001000
00000001001011001111111110001110
00000000001000111111111101111110
11111111011110111111111110000000
11111111100101001111111110011100
11111111111001101111111100110010
00000000000010101111111111011010
11111111111101110000000000100111
11111111010001100000000011000101
00000001010100100000000010010010
11111111110011011111111110101100
11111110110110000000000011111000
00000001101100100000000001111000
00000000001101110000000001011001
11111111110010010000000001011001
11111110010011100000000001111000
00000001001010000000000011111000
00000000001100111111111110101100
11111110101011100000000010010010
00000000101110100000000011000101
00000000000010010000000000100111
11111111111101101111111111011010
00000000000110101111111100110010
00000000011011001111111110011100
00000000100001011111111110000000
11111111110111011111111101111110
11111110110101001111111110001110
00000000000100110000000010001000
00000000101000100000000000001000
11111111011100101111111110001110
11111111111010111111111110010001
11111111101101001111111110110111
11111111111110110000000000000110
11111111100110100000000000001011
11111111110100010000000000101100
11111111110101100000000011000101
00000000010011001111111101110100
00000000100011101111111111111110
11111111101001011111111111111101
11111111101101011111111111001001
11111111100101111111111111111111
11111111110111011111111101111111
00000000001001101111111101011110
11111111101110011111111111000100
11111111110110101111111101000111
00000000010100000000000010010111
11111111100000011111111101100010
00000000010000111111111110000110
11111110110111010000000000101001
11111111001111010000000001111111
11111111110010110000000001011011
00000000001111011111111101011001
00000000000100111111111110111111
11111111010100101111111110111010
00000000001100100000000101010111
11111111100110111111111111110110
00000000111110001111111101010010
11111111100100011111111101001010
00000001000000010000000000010000
00000000100110111111111111101111
11111111100110101111111101100000
11111111101011011111111111110010
11111111100101011111111110010000
00000000010010100000000001001101
11111111110001000000000000100100
11111111001101101111111111101101
11111111011100101111111100110111
00000000100101110000000000001110
00000000100001101111111110100110
11111111011001010000000010100001
11111111011100011111111111000001
00000000110110010000000000100110
11111111110001001111111110111011
11111110111100111111111101000111
11111111110011110000000100100011
00000000001110001111111111100010
11111110101101110000000000110011
11111111101111000000000010001001
00000000110001000000000001001111
11111110101101000000000011100100
11111111110111101111111110010000
00000000110010010000000001011101
11111111000001100000000100000011
00000000011110000000000000101000
11111111110011111111111111000010
11111111011111000000000100100010
00000010010011011111111111111001
11111110100010011111111100000011
11111111110010011111111111101010
00000000110101010000000011100011
00000001000110101111111101001010
00000000001100110000000001010011
00000000000101001111111101000110
00000000010110100000000101110001
11111111101101100000000000101101
11111111101000010000000001101100
11111110111101101111111110101000
00000000001101000000000010011101
11111111001000011111111111100101
11111111110111000000000010011101
00000000010101100000000010011000
00000000000111010000000000011100
11111111111010100000000010010001
11111111000011100000000000000010
11111111001111011111111110000100
00000000000101001111111110011100
11111111101001110000000001101100
00000000111100010000000101001001
00000000000100111111111111011111
00000000010100001111111110101101
11111111100000001111111110000100
11111111010011100000000001010010
11111111111110111111111111101100
11111111100110001111111111000001
00000000011101001111111010111011
11111111110000100000000001110111
00000000111011000000000001000110
00000000010100100000000000001110
11111111100111010000000001001111
11111111110011001111111110010101
00000000010011001111111110011000
11111111110011011111111111111010
00000000000100000000000010011100
00000000011001001111111111000101
00000000000001000000000001011001
11111111101100101111111101010010
11111111110101001111111111110111
00000000111110101111111101000000
11111111011100111111111110111100
11111111101010011111111110000100
11111111110101000000000001010110
00000000010011111111111111110100
11111110111110100000000010111100
11111111010111110000000011000010
00000000001100001111111110011110
00000000010101001111111100110101
11111110111101110000000010110111
00000000100101010000000000110001
00000000110100010000000010001001
00000000100011100000000000000111
00000000011010101111111111010100
11111111110101100000000010001101
