101001 110001 100000 
011000 001010 111010 
111011 001100 100111 

011000 111111 100010 
111101 000110 101110 
001011 101000 000111 

001011 001100 111101 
011110 010110 010111 
101101 111011 111111 

010001 011001 000010 
011111 001111 111100 
111001 111000 101001 

110111 011111 000000 
110000 110011 110101 
111000 100111 111111 

000100 100110 110010 
001110 110111 110111 
010101 100010 100000 

001010 001111 100000 
111100 001010 001000 
010100 111001 101000 

011011 010010 101101 
000111 001101 011101 
011000 110010 010101 

100011 000000 111110 
000000 111110 101101 
100101 011111 010100 

111000 111010 101001 
011011 010111 100100 
101010 000101 010000 


010111 0
011010 0
001011 1
000001 1
110000 1
101111 0
101010 1
100011 1
110110 1
010001 1
011100 0
010001 1
011010 1
000001 0
100100 0
000011 0
100111 1
110000 1
101111 1
000010 0
010101 1
000111 1
010110 1
000000 0
101101 1
001000 0
100001 1
000111 0
000111 1
100000 1
110000 0
010111 0
010111 1
110100 0
011011 0
000001 0
100110 0
101110 1
101101 1
000101 0
110000 0
011111 1
100111 0
011001 0
000011 1
001000 1
011110 1
011001 1
000011 0
010011 1
011110 0
000101 0
110011 0
000010 1
011101 1
010000 0
011001 0
010100 1
000100 0
000001 1
000011 1
101111 0
010000 1
110110 1
110010 0
000000 0
010010 0
011001 1
101011 1
100100 1
100011 1
110100 0
101010 0
100110 1
101111 0
110011 1
101111 0
101001 0
110010 1
101101 1
101000 0
000101 0
101110 1
000011 1
001110 0
010110 1
001011 1
110001 0
011111 0
001001 1
001001 1
010010 0
100000 1
101011 1
000110 1
001001 1
011001 1
010011 1
101101 0
010010 0
011011 0
000010 0
101000 1
110110 0
011100 0
100110 0
101000 1
000101 0
100100 1
001000 1
011010 1
100100 1
011100 0
010101 0
001001 1
110100 0
001110 1
000100 1
010100 0
001011 0
101111 1
011000 0
101011 1
010011 0
001010 1
100001 1
101110 1
001000 0
110011 0
101101 0
011100 0
011000 1
000111 0
010100 0
010110 0
011001 0
000110 1
001101 0
010000 1
001110 1
101001 1
010101 0
001010 0
010110 0
001111 0
010110 1
101101 0
101010 1
011101 0
011011 0
110100 0
110001 0
101000 0
100001 1
100111 1
001101 0
110011 1
100001 1
100010 0
100111 0
001011 0
100001 1
100111 1
100110 1
101000 0
010110 1
001001 0
101010 0
110001 0
110000 1
010101 1
100010 1
100101 1
100100 0
010111 1
110010 1
000010 0
001110 0
010110 0
101001 0
001111 0
101001 1
001000 1
010101 0
110000 1
100100 1
100101 0
011111 0
100100 1
010000 0
001011 1
010101 1
001100 1
100101 1
100011 0
011111 0
110100 1
101110 1
110000 1
010100 1
110000 1
101010 1
101100 1
010000 0
001100 0
010010 1
100001 0
110000 0
101110 0
010100 0
100101 1
000010 0
000000 0
100101 1
011011 1
001100 0
001110 0
000100 1
001011 1
101000 1
001001 0
011111 1
010001 0
001000 0
101011 0
000010 0
100111 1
101010 1
001010 0
001011 1
011001 1
011000 1
101111 0
000001 1
110000 0
100111 0
100111 0
011001 0
101000 0
101000 0
100001 1
000110 0
001000 1
001011 1
000100 0
110011 0
100110 1
010001 1
110101 1
100001 0
101010 1
101010 0
010010 0
100000 1
101010 1
011110 0
110001 1
011010 0
000000 1
100011 0
110110 1
110000 0
110100 1
011001 0
010000 1
000110 1
100010 1
110110 0
011100 1
011111 0
101100 1
011011 1
001000 0
000100 0
101011 1
110101 1
010000 1
011100 1
000011 0
101111 1
110011 0
101011 0
101101 0
000001 0
001001 0
110110 1
101111 1
100001 1
100110 1
101101 1
001001 1
001000 0
010100 0
011011 1
010100 0
101110 0
010101 1
100111 0
100001 0
000000 0
011110 1
010100 0
010001 1
101011 0
000101 1
001101 1
100110 0
100001 1
001010 1
110011 0
101110 1
001101 1
101001 1
101000 0
101001 1
110100 1
011100 0
001010 1
000010 1
110101 1
