00000000000000000011010000100100
00000000000000000011100100000101
00000000000000000001000110111001
00000000000000000010010001101000
00000000000000000001101011111110
00000000000000000001011010000010
00000000000000000010110101100110
00000000000000000000111010101000
00000000000000000011110101001000
00000000000000000011010000011101
00000000000000000001110000010100
00000000000000000000101010011010
00000000000000000010101101110000
00000000000000000001100001011001
00000000000000000011110101101100
00000000000000000000011011010011
00000000000000000010100001111001
00000000000000000000100110001110
00000000000000000010110001111000
00000000000000000000101001100001
00000000000000000010100111111000
00000000000000000011101010110011
00000000000000000010100111101101
00000000000000000010001001110100
00000000000000000011110101000010
00000000000000000000110010010101
00000000000000000000101111110110
00000000000000000010110000011100
00000000000000000010100111110011
00000000000000000010000111111001
00000000000000000011000000010101
00000000000000000011010001001111
00000000000000000000100000100001
00000000000000000010001100000110
00000000000000000000011000110111
00000000000000000000000011000011
00000000000000000011001010110100
00000000000000000010010101110101
00000000000000000001000110101010
00000000000000000000100111000001
00000000000000000000101000010110
00000000000000000011101101111001
00000000000000000011000011111110
00000000000000000001000011010101
00000000000000000010111110001111
00000000000000000000010011011011
00000000000000000010010101110101
00000000000000000000000001001100
00000000000000000001000111010011
00000000000000000011010111001110
00000000000000000011110011010000
00000000000000000001001111101011
00000000000000000011011001011000
00000000000000000011000001110110
00000000000000000000011110011110
00000000000000000000010100000001
00000000000000000011001100111000
00000000000000000010011101101101
00000000000000000001110010000100
00000000000000000001110011010110
00000000000000000010110100110000
00000000000000000011101111000111
00000000000000000010000001100010
00000000000000000000010101100111
00000000000000000011100111111000
00000000000000000011110101100101
00000000000000000000001011110100
00000000000000000001111000001010
00000000000000000011101010011011
00000000000000000011010100101100
00000000000000000011000001001101
00000000000000000011101001110100
00000000000000000011110111000001
00000000000000000000111110010110
00000000000000000001100001101011
00000000000000000010011010000111
00000000000000000011000001111111
00000000000000000010010001010111
00000000000000000001010111001001
00000000000000000011110110010000
00000000000000000000011000111110
00000000000000000001000001111011
00000000000000000001010001001011
00000000000000000011001011010110
00000000000000000000001001001001
00000000000000000001001001001011
00000000000000000000101001101000
00000000000000000011111111000001
00000000000000000001111100010000
00000000000000000001000000010010
00000000000000000001111101011000
00000000000000000010111111100010
00000000000000000000101011110101
00000000000000000011000111011110
00000000000000000001000001010011
00000000000000000011011110011001
00000000000000000011101001110101
00000000000000000000100011011111
00000000000000000011010010110100
00000000000000000001010110010011
00000000000000000011110101101000
00000000000000000010001100101111
00000000000000000010101110000000
00000000000000000011010011011010
00000000000000000011111000011110
00000000000000000001011001100110
00000000000000000011001011100101
00000000000000000010100111011100
00000000000000000001100100011010
00000000000000000000001101110100
00000000000000000000111001010011
00000000000000000011000110011000
00000000000000000010001100000000
00000000000000000001000001000110
00000000000000000000001000110100
00000000000000000010000111010011
00000000000000000011101111000111
00000000000000000011000000111101
00000000000000000001111111100101
00000000000000000001110001010101
00000000000000000000100100010101
00000000000000000001111001001010
00000000000000000010100101011101
00000000000000000000010101011101
00000000000000000000001000001010
00000000000000000000100001010000
00000000000000000010110010111110
00000000000000000001100110010110
