00000000000000000001111110001000
00000000000000000000000100101100
11111111000101000000000011010001
00000000111011000000000011010001
11111111110111110000000010110001
00000010001110101111111111011000
11111101110001101111111111011000
00000000001000010000000010110001
00000000101001101111111111011000
00000000010011111111111100000111
11111111011010100000000010111101
00000001000110101111111110011010
11111110111001101111111110011010
00000000100101100000000010111101
11111111101100011111111100000111
11111111010110101111111111011000
00000000010011111111111111001111
00000000000000111111111111100011
00000000001011000000000010000100
00000000011011111111111111111101
11111111111110010000000010111110
11111111101101010000000011100110
11111110101111110000000010010000
11111110110111100000000010100000
00000001001000100000000010100000
00000001010000010000000010010000
00000000010010110000000011100110
00000000000001110000000010111110
11111111100100011111111111111101
11111111110101000000000010000100
11111111111111011111111111100011
11111111101100011111111111001111
11111111000001010000000101110110
11111111000101111111111110111101
00000001001101010000000010001110
11111111101110100000000010011001
11111110010011010000000010001111
11111111010000111111111111010110
00000000010110011111111011110000
00000000011001010000000000000010
00000000011001110000000101110010
00000000111011101111111011110001
11111111110000101111111010110111
00000000101011100000000000100101
00000001011010110000000001001101
11111111010000111111111100001011
11111111110001111111111110010001
11111111111011111111111111010111
00000000000100011111111111010111
00000000001110011111111110010001
00000000101111011111111100001011
11111110100101010000000001001101
11111111010100100000000000100101
00000000001111101111111010110111
11111111000100101111111011110001
11111111100110010000000101110010
11111111100110110000000000000010
11111111101001111111111011110000
00000000101111011111111111010110
00000001101100110000000010001111
00000000010001100000000010011001
11111110110010110000000010001110
00000000111010011111111110111101
00000000111110110000000101110110
11111111101101001111111111111001
11111110101010111111110110100101
11111110101100000000001000101000
00000000010000111111111101011111
11111110101111011111110111101001
11111111110010010000000000110110
11111111011110101111111101000001
00000000101110000000000000000101
00000001010101101111111110111111
00000000101101100000000011111101
00000000001111110000000010101111
00000000001001001111111100100010
00000000101101111111111100000101
11111111000011001111111101110111
00000000010010000000000010101110
00000000101000101111111100101000
00000000100010000000000001000011
11111111100101111111111100111000
11111111000010010000000010011000
11111111100001011111111110110000
11111111000011110000000100000001
00000000001101000000000101101001
00000000001111011111111111011100
00000001110000110000000100011110
00000000011000101111111111000011
00000000100001111111111110011101
11111111101111000000000010101110
00000000110101111111111100011010
00000001111111100000000010001010
00000000110011000000000000110011
00000000001110001111111100110100
11111111110000001111111111101101
00000000010000001111111111101101
11111111110010001111111100110100
11111111001101000000000000110011
11111110000000100000000010001010
11111111001010011111111100011010
00000000010001000000000010101110
11111111011110011111111110011101
11111111100111101111111111000011
11111110001111010000000100011110
11111111110000111111111111011100
11111111110011000000000101101001
00000000111100010000000100000001
00000000011110111111111110110000
00000000111101110000000010011000
00000000011010011111111100111000
11111111011110000000000001000011
11111111010111101111111100101000
11111111101110000000000010101110
00000000111101001111111101110111
11111111010010011111111100000101
11111111110111001111111100100010
11111111110000010000000010101111
11111111010010100000000011111101
11111110101010101111111110111111
11111111010010000000000000000101
00000000100001101111111101000001
00000000001101110000000000110110
00000001010000111111110111101001
11111111101111011111111101011111
00000001010100000000001000101000
00000001010101011111110110100101
00000000010011001111111111111001
11111111010101010000000100111010
00000000011110100000000101110101
00000000110000011111111110001100
11111111000111011111111101010100
11111111110101011111111110110101
00000000101001101111111111110010
11111111111100111111111100011111
00000000011001010000000100010010
11111111011110011111111110110111
11111111101000100000000010001001
11111111001100001111111101101101
11111111110111001111111110110101
00000000111000110000000100000000
00000000100111100000000001100000
00000000100110011111111101001101
00000000100010010000000001010110
00000000101001100000000001000001
00000000001001010000000000101010
11111111101101110000000000001000
11111110110111010000000111010010
00000000010001110000000011111001
11111111011110101111111111000010
00000000001110011111111001101001
11111111111010000000000001000111
11111111100100111111111111111110
00000000110011111111111110111111
11111111110101000000000110100001
00000000100000101111111100101001
00000000001100010000000000110001
00000000101001111111111110010011
11111110011100000000000010010110
00000000111110011111111100100001
11111111011001100000000001011110
00000001010001101111111100100100
11111111001010000000000000001110
11111111010011110000000011000001
00000000001011101111111101110111
11111111011001010000000101100001
11111111111000111111111111110110
11111110110100010000000011010001
00000000101001110000000000101001
11111111111010110000000001101110
11111110111101000000000000011001
11111111000100000000001000011100
00000000110011101111111010001000
00000000011000000000000010111000
11111111110100110000000000011011
11111110000101100000000000000100
11111110111110111111111111100100
00000001000100111111111111001111
11111111110011100000000000010101
00000000010100001111111111000110
11111111000111110000000001101001
00000000001011111111111101001011
00000000101000100000000100111010
00000000011011111111111101101100
11111110101010010000000001110011
11111111101101001111111000001111
11111111100010110000000010001001
11111110011100000000000011101111
00000000010111101111111101010000
11111111011000000000000010101001
11111110111100110000000100100000
00000001010111000000000001001110
11111110101001000000000001001110
00000001000011010000000100100000
00000000101000000000000010101001
11111111101000101111111101010000
00000001100100000000000011101111
00000000011101010000000010001001
00000000010011001111111000001111
00000001010101110000000001110011
11111111100100011111111101101100
11111111010111100000000100111010
11111111110100011111111101001011
00000000111000010000000001101001
11111111101100001111111111000110
00000000001100100000000000010101
11111110111011011111111111001111
00000001000001011111111111100100
00000001111010100000000000000100
00000000001011010000000000011011
11111111101000000000000010111000
11111111001100101111111010001000
00000000111100000000001000011100
00000001000011000000000000011001
00000000000101010000000001101110
11111111010110010000000000101001
00000001001011110000000011010001
00000000000111011111111111110110
00000000100110110000000101100001
11111111110100101111111101110111
00000000101100010000000011000001
00000000110110000000000000001110
11111110101110101111111100100100
00000000100110100000000001011110
11111111000001111111111100100001
00000001100100000000000010010110
11111111010110011111111110010011
11111111110011110000000000110001
11111111011111101111111100101001
00000000001011000000000110100001
11111111001100011111111110111111
00000000011011011111111111111110
00000000000110000000000001000111
11111111110001111111111001101001
00000000100001101111111111000010
11111111101110010000000011111001
00000001001000110000000111010010
00000000010010010000000000001000
11111111110110110000000000101010
11111111010110100000000001000001
11111111011101110000000001010110
11111111011001111111111101001101
11111111011000100000000001100000
11111111000111010000000100000000
00000000001001001111111110110101
00000000110100001111111101101101
00000000010111100000000010001001
00000000100001111111111110110111
11111111100110110000000100010010
00000000000011011111111100011111
11111111010110101111111111110010
00000000001010111111111110110101
00000000111000111111111101010100
11111111001111111111111110001100
11111111100001100000000101110101
00000000101010110000000100111010
