00000000000000000001000010100010
00000000000000000001111100101000
00000000000000000011000111110000
00000000000000000011100111101010
00000000000000000001100110110111
00000000000000000010011111010111
00000000000000000010100110001011
00000000000000000000010101111001
00000000000000000011011110100010
00000000000000000010100100111101
00000000000000000010010011010000
00000000000000000010011010010101
00000000000000000011100111000110
00000000000000000000111001110110
00000000000000000010101111110100
00000000000000000000111100110000
00000000000000000000101110100011
00000000000000000010000010001011
00000000000000000000011000101100
00000000000000000001000010000100
00000000000000000000101111000101
00000000000000000001111000100100
00000000000000000010001100000010
00000000000000000011101101110010
00000000000000000011011010011000
00000000000000000001011001110010
00000000000000000011010010001110
00000000000000000001001011111101
00000000000000000001010110011101
00000000000000000001001111101001
00000000000000000011000111101111
00000000000000000010000101011010
00000000000000000001101110011100
00000000000000000001110010011000
00000000000000000000111101111000
00000000000000000001110000010110
00000000000000000000111101011011
00000000000000000000110101001100
00000000000000000010100101110101
00000000000000000011001101000100
00000000000000000010001100110001
00000000000000000011001111110001
00000000000000000000111100000111
00000000000000000000111000110001
00000000000000000001111101101010
00000000000000000000111010010010
00000000000000000001011110010101
00000000000000000011110110100011
00000000000000000000100101010001
00000000000000000011010001010100
00000000000000000011110001001011
00000000000000000010011000010011
00000000000000000001101010110101
00000000000000000011011000001001
00000000000000000010111110101001
00000000000000000001111101000101
00000000000000000001011001110110
00000000000000000011100000001111
00000000000000000000001011000001
00000000000000000001101100100110
00000000000000000001011110100010
00000000000000000001101110001001
00000000000000000011101101111011
00000000000000000001111101001010
00000000000000000011001100110100
00000000000000000001101111100101
00000000000000000001100011110001
00000000000000000011111010110100
00000000000000000000010011011101
00000000000000000010010110010010
00000000000000000010111011010101
00000000000000000001000011001101
00000000000000000010010100011010
00000000000000000001100000111011
00000000000000000000001111010011
00000000000000000010110110000101
00000000000000000011110001110111
00000000000000000000101011101101
00000000000000000000101110111111
00000000000000000001110101011110
00000000000000000001000011100010
00000000000000000010000010110000
00000000000000000000100001110010
00000000000000000001101000101000
00000000000000000000111101011011
00000000000000000000111011000000
00000000000000000001001011110111
00000000000000000010111010111110
00000000000000000010011111010000
00000000000000000011110000011001
00000000000000000000000011111100
00000000000000000001010001100111
00000000000000000011100110011010
00000000000000000011101100011001
00000000000000000000010100110001
00000000000000000000111011010010
00000000000000000011101001001000
00000000000000000001001110011011
00000000000000000001100111011010
00000000000000000000011100011101
00000000000000000000011111100100
00000000000000000001001101001000
00000000000000000001110011011100
00000000000000000000000111011111
00000000000000000000100101000111
00000000000000000010001000011010
00000000000000000001011010011010
00000000000000000000011110000100
00000000000000000001111101010000
00000000000000000001101111100010
00000000000000000010100000001010
00000000000000000010001011111111
00000000000000000000100010110101
00000000000000000011001011011111
00000000000000000011110100110001
00000000000000000001000011001000
00000000000000000000001100101110
00000000000000000000110001110111
00000000000000000000110000011000
00000000000000000010010100000111
00000000000000000010000011011001
00000000000000000010001100110110
00000000000000000000101011010001
00000000000000000010000010000001
00000000000000000000011100011110
00000000000000000000101111010100
00000000000000000011000110100101
00000000000000000010011111110001
