00000000000000000001000110111001
00000000000000000010110101100110
00000000000000000001110000010100
00000000000000000011110101101100
00000000000000000010110001111000
00000000000000000010100111101101
00000000000000000000101111110110
00000000000000000011000000010101
00000000000000000000011000110111
00000000000000000001000110101010
00000000000000000011000011111110
00000000000000000010010101110101
00000000000000000011110011010000
00000000000000000000011110011110
00000000000000000001110010000100
00000000000000000010000001100010
00000000000000000000001011110100
00000000000000000011000001001101
00000000000000000001100001101011
00000000000000000001010111001001
00000000000000000001010001001011
00000000000000000000101001101000
00000000000000000001111101011000
00000000000000000001000001010011
00000000000000000011010010110100
00000000000000000010101110000000
00000000000000000011001011100101
00000000000000000000111001010011
00000000000000000000001000110100
00000000000000000001111111100101
00000000000000000010100101011101
00000000000000000010110010111110
00000000000000000001000110111001
00000000000000000010110101100110
00000000000000000001110000010100
00000000000000000011110101101100
00000000000000000010110001111000
00000000000000000010100111101101
00000000000000000000101111110110
00000000000000000011000000010101
00000000000000000000011000110111
00000000000000000001000110101010
00000000000000000011000011111110
00000000000000000010010101110101
00000000000000000011110011010000
00000000000000000000011110011110
00000000000000000001110010000100
00000000000000000010000001100010
00000000000000000000001011110100
00000000000000000011000001001101
00000000000000000001100001101011
00000000000000000001010111001001
00000000000000000001010001001011
00000000000000000000101001101000
00000000000000000001111101011000
00000000000000000001000001010011
00000000000000000011010010110100
00000000000000000010101110000000
00000000000000000011001011100101
00000000000000000000111001010011
00000000000000000000001000110100
00000000000000000001111111100101
00000000000000000010100101011101
00000000000000000010110010111110
00000000000000000001000110111001
00000000000000000010110101100110
00000000000000000001110000010100
00000000000000000011110101101100
00000000000000000010110001111000
00000000000000000010100111101101
00000000000000000000101111110110
00000000000000000011000000010101
00000000000000000000011000110111
00000000000000000001000110101010
00000000000000000011000011111110
00000000000000000010010101110101
00000000000000000011110011010000
00000000000000000000011110011110
00000000000000000001110010000100
00000000000000000010000001100010
00000000000000000000001011110100
00000000000000000011000001001101
00000000000000000001100001101011
00000000000000000001010111001001
00000000000000000001010001001011
00000000000000000000101001101000
00000000000000000001111101011000
00000000000000000001000001010011
00000000000000000011010010110100
00000000000000000010101110000000
00000000000000000011001011100101
00000000000000000000111001010011
00000000000000000000001000110100
00000000000000000001111111100101
00000000000000000010100101011101
00000000000000000010110010111110